0.8791088936072763
0.8975801298918363
0.8540371015125638
0.7906847854631512
0.5499020059187507
0.7270355626720785
0.5199676589797523
0.48803337019101106
0.5740222261509726
0.36442976996866505
0.4674075389687588
0.40866404798069556
0.3065228447943005
0.41119582953409795
0.2839987990023364
0.301035124121541
0.31724544375279107
0.2221606791316418
0.2853805877512172
0.22783307157092897
0.20917862132940912
0.23807438956200339
0.1722884960376599
0.20561001163228476
0.17718435036046792
0.15840553608045194
0.17812663813735863
0.13560141503200618
0.1567464120286901
0.1349066024744748
0.12723725295213875
0.1343499214442423
0.1086967162856409
0.12356975150687026
0.10301311171657981
0.1060014417183498
0.1013824954475364
0.0909109214146257
0.0970091172825588
0.08199612787645315
0.08844521777873987
0.07754642146030152
0.0787495734360368
0.0744978152217323
0.07010535075150735
0.0708202441660701
0.06363004385549224
0.06623364405316806
0.05909170039542506
0.06094364067697619
0.055671443031029166
0.05585414768007044
0.05270459742552003
0.05123140614680026
0.04980629029457507
0.047290457162539254
0.04691646739344945
0.04395660250062399
0.04399553099516757
0.04109677542133264
0.041205137345270086
0.03858487648119654
0.03852977862669201
0.03631451592756288
0.03607286324379307
0.034226188234793904
0.03379193503028573
0.03227640496204744
0.031718209706014834
0.030452592999003367
0.029806990888939237
0.028735506823204738
0.02806015741545703
0.027127469497092285
0.026443785488411083
0.025614341890407347
0.024953640046607613
0.024199327510316896
0.023566405223832944
0.022869777370726405
0.02227830336497543
0.021626739558638145
0.021073082189543298
0.02045945643163532
0.019948202852976583
0.019367134412126088
0.01889166600376863
0.018341253538530326
0.017901825247315626
0.017379876158129255
0.01696939272654214
0.01647651997815395
0.016093278282093105
0.01562854939812404
0.015266213018999629
0.014831062869811118
0.014487436542340137
0.014080967309417835
0.013751390227916062
0.01337450873628329
0.013057441067318348
0.012708341896575204
0.01240147348524827
0.012079606415638806
0.011782738223598299
0.011485004350564224
0.011198170278821135
0.010922494372615103
0.010646647121064102
0.010389201284475376
0.010125703036826552
0.00988384784649801
0.009633717245658589
0.009404235616557814
0.009168548569951125
0.008949611412314182
0.008728248040048662
0.008518376853381837
0.008311044979549749
0.008109855748030224
0.007915089422769117
0.007722708003000815
0.007539162504595073
0.007355955895206872
0.007181867696929702
0.007008280253414522
0.0068424824350434
0.006678420762828457
0.006520024304147112
0.00636519392644007
0.0062138919255788246
0.0060674184642505
0.0059232081882475375
0.005784267818946379
0.005647181939594318
0.0055148860875467946
0.005384914382730967
0.005258727328481977
0.005135515119488889
0.005015131318127475
0.004898233217828046
0.0047835371380970625
0.004672343979318077
0.004563281196789217
0.0044573318707387686
0.004353704757882073
0.004252655852139427
0.004154195355624779
0.004057863251434134
0.003964168007607085
0.0038724410069412604
0.0037831686318378537
0.003695882593723468
0.003610748566419727
0.003527700828999604
0.0034465242225783315
0.003367431032601829
0.0032900825131187603
0.003214691435481225
0.00314101810750801
0.0030691121569578943
0.002998941791706524
0.0029303657452512005
0.0028634836280457677
0.0027981124381698187
0.002734328354039608
0.0026720205655952085
0.0026111712193982737
0.002551776635514885
0.0024937328981228307
0.002437083991631329
0.002381731372839991
0.002327682485965767
0.002274893226549078
0.002223319462718766
0.0021729644716957978
0.002123756896564142
0.002075705077118892
0.002028760277552963
0.001982898518926125
0.001938104384253332
0.0018943335326641912
0.0018515821992525594
0.0018098079829044894
0.0017689971810485477
0.0017291274211439123
0.001690167016314622
0.001652106714630118
0.0016149141328871386
0.0015785754064615097
0.0015430681832903444
0.0015083702630808331
0.0014744684406678497
0.001441336637424467
0.001408962286143001
0.0013773254738830276
0.0013464073501073754
0.001316194473008969
0.0012866665377585318
0.0012578104422975493
0.0012296088476564078
0.0012020463520945005
0.0011751097473571702
0.0011487818849563528
0.0011230507451908264
0.0010979015623789079
0.0010733203734268905
0.00104929517475643
0.0010258118098517021
0.001002858717455567
0.0009804231230937748
0.0009584929923977881
0.0009370573151077957
0.0009161037729690959
0.0008956219841002107
0.0008756009159425751
0.0008560296655271206
0.0008368984317588926
0.0008181966900115692
0.0007999148334935402
0.0007820432237363303
0.0007645723407355864
0.0007474933046522028
0.0007307968750649596
0.0007144745027699982
0.0006985177111815429
0.000682917970721087
0.0006676673859786551
0.0006527579116301659
0.0006381817862282025
0.0006239315354993623
0.0006099996775175169
0.0005963790782225038
0.0005830626461418069
0.0005700435015111645
0.0005573149835528499
0.0005448704419643929
0.0005327035297883143
0.0005208079876482845
0.0005091776452530996
0.0004978065898772177
0.0004866889574174793
0.0004758190388324651
0.0004651912892726852
0.00045480024605824626
0.00044464060891446084
0.0004347071754659345
0.00042499487148751425
0.0004154987538150606
0.0004062139566271573
0.0003971357621895601
0.0003882595496521494
0.00037958078222492174
0.0003710950616770189
0.0003627980691031751
0.00035468557991942263
0.00034675348442371007
0.0003389977507927069
0.00033141444331644533
0.00032399971862252607
0.0003167498162928469
0.00030966106533091285
0.00030272987255304854
0.0002959527309587346
0.00028932621294206466
0.0002828469616768957
0.0002765117046930201
0.00027031724004832796
0.00026426043348122693
0.00025833822911748274
0.00025254763563037076
0.00024688572705829277
0.00024134964814826045
0.00023593660462911794
0.00023064386456987624
0.0002254687593873626
0.00022040867905164812
0.00021546107202008945
0.0002106234440135775
0.00020589335694935442
0.00020126842704182903
0.0001967463230346202
0.000192324767088354
0.00018800153163755863
0.0001837744379080601
0.00017964135732512654
0.00017560020799948806
0.00017164895368164916
0.00016778560488363135
0.0001640082156844252
0.00016031488294859114
0.00015670374689093883
0.0001531729885507895
0.00014972082905454084
0.00014634552966698975
0.00014304538998824348
0.000139818747124064
0.0001366639753851093
0.0001335794850862879
0.00013056372159296796
0.00012761516482868727
0.00012473232849639852
0.00012191375903904234
0.00011915803506883351
0.00011646376684206901
0.00011382959519943329
0.00011125419097949742
0.00010873625462220495
0.00010627451514972815
0.00010386772959101858
0.00010151468263614695
9.921418569904166e-05
9.696507636073497e-05
9.476621803412266e-05
9.26164991282141e-05
9.05148325103967e-05
8.846015516569945e-05
8.645142746494476e-05
8.448763264535531e-05
8.256777646191588e-05
8.069088655106101e-05
7.885601193015134e-05
7.70622226445317e-05
7.530860921338265e-05
7.359428214982053e-05
7.191837160892416e-05
7.028002690138684e-05
6.867841603647947e-05
6.711272537593882e-05
6.558215920232452e-05
6.408593928683875e-05
6.262330455285334e-05
6.119351068811961e-05
5.979582973873129e-05
5.842954978488613e-05
5.709397458850172e-05
5.578842321374069e-05
5.45122297166376e-05
5.326474282177427e-05
5.204532556901491e-05
5.085335501788533e-05
4.968822194867783e-05
4.8549330534409344e-05
4.7436098060345405e-05
4.634795464615159e-05
4.528434294170196e-05
4.424471786177199e-05
4.322854632676053e-05
4.223530698076e-05
4.126448994119108e-05
4.031559655625129e-05
3.938813914356961e-05
3.8481640754402126e-05
3.75956349463733e-05
3.672966554106385e-05
3.5883286402275826e-05
3.505606122289982e-05
3.424756329988908e-05
3.345737532600472e-05
3.268508918984753e-05
3.1930305766771665e-05
3.1192634723482346e-05
3.0471694330393138e-05
2.97671112671601e-05
2.9078520439483124e-05
2.8405564803029236e-05
2.7747895182401266e-05
2.7105170099479924e-05
2.6477055608220452e-05
2.5863225125988824e-05
2.5263359272786927e-05
2.4677145716275676e-05
2.4104279014520372e-05
2.3544460465455696e-05
2.2997397961530026e-05
2.2462805842994228e-05
2.1940404756985734e-05
2.1429921521222514e-05
2.0931088987055456e-05
2.044364590757184e-05
1.9967336809805544e-05
1.950191186683847e-05
1.9047126774361322e-05
1.8602742630883684e-05
1.816852581824611e-05
1.7744247886097762e-05
1.7329685439623025e-05
1.6924620027876453e-05
1.6528838035670096e-05
1.6142130578360013e-05
1.5764293397465072e-05
1.5395126759487083e-05
1.5034435357325532e-05
1.4682028212682566e-05
1.4337718581370229e-05
1.4001323860946838e-05
1.3672665499451027e-05
1.335156890677536e-05
1.3037863368139184e-05
1.2731381958731087e-05
1.2431961460756669e-05
1.2139442282386686e-05
1.1853668377914077e-05
1.157448717010957e-05
1.1301749474305636e-05
1.103530942370568e-05
1.0775024396702643e-05
1.0520754945780175e-05
1.027236472763225e-05
1.0029720435131352e-05
9.792691730739988e-06
9.56115118113116e-06
9.33497419350074e-06
9.11403895321319e-06
8.898226362625603e-06
8.68741998146841e-06
8.481505968456403e-06
8.280373024045458e-06
8.083912334619895e-06
7.892017517820151e-06
7.704584568977254e-06
7.521511808862037e-06
7.342699832497648e-06
7.168051459032067e-06
6.997471682824107e-06
6.830867625516938e-06
6.668148489132575e-06
6.509225510275001e-06
6.3540119152661934e-06
6.202422876247789e-06
6.054375468309302e-06
5.909788627488153e-06
5.768583109689586e-06
5.630681450549647e-06
5.496007926121335e-06
5.36448851442857e-06
5.236050857893854e-06
5.110624226537523e-06
4.988139481999332e-06
4.868529042364473e-06
4.7517268477212946e-06
4.637668326487918e-06
4.526290362488433e-06
4.417531262715682e-06
4.311330725819823e-06
4.207629811287317e-06
4.106370909272913e-06
4.007497711108127e-06
3.91095518045286e-06
3.816689525064453e-06
3.724648169196062e-06
3.6347797265983376e-06
3.5470339740980727e-06
3.461361825770628e-06
3.377715307669875e-06
3.2960475331068988e-06
3.2163126784777305e-06
3.138465959617137e-06
3.06246360866391e-06
2.9882628514437316e-06
2.9158218853387774e-06
2.8450998576434925e-06
2.776056844399666e-06
2.708653829688602e-06
2.6428526853804846e-06
2.5786161513295267e-06
2.5159078160001888e-06
2.454692097518468e-06
2.3949342251435476e-06
2.3366002211401366e-06
2.279656883052766e-06
2.224071766368992e-06
2.169813167561403e-06
2.116850107504328e-06
2.065152315255615e-06
2.0146902121916124e-06
1.9654348964954154e-06
1.917358127983747e-06
1.870432313268167e-06
1.8246304912439216e-06
1.7799263188976955e-06
1.736294057427747e-06
1.6937085586707087e-06
1.652145251827144e-06
1.6115801304801037e-06
1.571989739899563e-06
1.5333511646279448e-06
1.4956420163385509e-06
1.4588404219634385e-06
1.4229250120822667e-06
1.387874909568436e-06
1.3536697184870208e-06
1.3202895132357645e-06
1.2877148279295338e-06
1.2559266460169906e-06
1.2249063901287706e-06
1.1946359121500133e-06
1.1650974835126082e-06
1.1362737857031054e-06
1.1081479009804948e-06
1.0807033033006119e-06
1.053923849441347e-06
1.0277937703252556e-06
1.0022976625345378e-06
9.774204800149121e-07
9.531475259634334e-07
9.294644448972477e-07
9.063572148981559e-07
8.838121400304476e-07
8.618158429266978e-07
8.403552575397172e-07
8.194176220548673e-07
7.989904719612431e-07
7.790616332770363e-07
7.59619215926119e-07
7.406516072621711e-07
7.221474657381425e-07
7.04095714715851e-07
6.864855364153747e-07
6.693063659987118e-07
6.525478857863175e-07
6.362000196025683e-07
6.202529272482741e-07
6.046969990970695e-07
5.895228508120716e-07
5.747213181821836e-07
5.602834520729966e-07
5.462005134920229e-07
5.324639687639315e-07
5.190654848147307e-07
5.059969245615161e-07
4.932503424057403e-07
4.808179798286451e-07
4.6869226108479964e-07
4.568657889930098e-07
4.453313408223565e-07
4.340818642702866e-07
4.2311047353197174e-07
4.124104454579134e-07
4.019752157982276e-07
3.917983755322565e-07
3.818736672803485e-07
3.721949817973884e-07
3.6275635454501187e-07
3.5355196234183265e-07
3.4457612008924295e-07
3.358232775713731e-07
3.272880163276494e-07
3.1896504659611794e-07
3.1084920432609623e-07
3.029354482586549e-07
2.95218857073205e-07
2.8769462659931054e-07
2.8035806709139415e-07
2.732046005655052e-07
2.6622975819686326e-07
2.594291777764345e-07
2.5279860122549044e-07
2.4633387216675636e-07
2.4003093355098107e-07
2.3388582533755783e-07
2.2789468222795618e-07
2.220537314512928e-07
2.1635929059990487e-07
2.1080776551501886e-07
2.0539564822009044e-07
2.0011951490203093e-07
1.9497602393824306e-07
1.8996191396885287e-07
1.8507400201347138e-07
1.8030918163067257e-07
1.7566442111993512e-07
1.7113676176484435e-07
1.6672331611642927e-07
1.6242126631639588e-07
1.5822786245819205e-07
1.5414042098645808e-07
1.5015632313294695e-07
1.4627301338846786e-07
1.4248799801011862e-07
1.3879884356286836e-07
1.3520317549477846e-07
1.3169867674511578e-07
1.2828308638459804e-07
1.2495419828711092e-07
1.217098598318093e-07
1.1854797063574673e-07
1.1546648131541047e-07
1.1246339227701326e-07
1.0953675253498835e-07
1.0668465855766117e-07
1.0390525313973719e-07
1.0119672430102447e-07
9.855730421059577e-08
9.598526813612057e-08
9.347893341732944e-08
9.103665846370075e-08
8.865684177518137e-08
8.633792098578278e-08
8.407837192962794e-08
8.187670772847371e-08
7.973147790065148e-08
7.764126749084961e-08
7.560469622025648e-08
7.362041765621703e-08
7.168711840171988e-08
6.980351730363971e-08
6.796836467947758e-08
6.61804415621901e-08
6.443855896289661e-08
6.274155715065099e-08
6.108830494922495e-08
5.9477699050257064e-08
5.790866334282179e-08
5.6380148258320703e-08
5.489113013124855e-08
5.344061057453881e-08
5.20276158699652e-08
5.06511963726355e-08
4.9310425929783906e-08
4.8004401312970544e-08
4.673224166389856e-08
4.5493087953253235e-08
4.428610245222e-08
4.311046821663546e-08
4.196538858322635e-08
4.0850086677883835e-08
3.9763804935416635e-08
3.870580463078157e-08
3.767536542150224e-08
3.6671784900680695e-08
3.5694378160943834e-08
3.4742477368459164e-08
3.3815431347245674e-08
3.2912605173255105e-08
3.203337977828692e-08
3.117715156300811e-08
3.034333201955156e-08
2.9531347362851593e-08
2.874063817082753e-08
2.797065903329694e-08
2.7220878209000086e-08
2.649077729105936e-08
2.5779850880315554e-08
2.5087606266499524e-08
2.4413563116990155e-08
2.3757253173109794e-08
2.311821995363169e-08
2.2496018465400153e-08
2.1890214920934664e-08
2.130038646271816e-08
2.0726120894228774e-08
2.016701641729874e-08
1.9622681375949923e-08
1.909273400619872e-08
1.8576802192085663e-08
1.80745232273559e-08
1.7585543583156706e-08
1.710951868106063e-08
1.6646112671775784e-08
1.6194998219036238e-08
1.5755856288878892e-08
1.5328375943832207e-08
1.4912254142263564e-08
1.4507195542463477e-08
1.4112912311487973e-08
1.3729123938683813e-08
1.3355557053674774e-08
1.2991945248794012e-08
1.2638028905889378e-08
1.229355502717004e-08
1.1958277070343718e-08
1.1631954787653022e-08
1.1314354068875711e-08
1.1005246788112537e-08
1.070441065436425e-08
1.041162906569356e-08
1.0126690966978951e-08
9.849390711115218e-09
9.579527923635088e-09
9.316907370623397e-09
9.061338829865778e-09
8.812636965116155e-09
8.570621203507978e-09
8.335115615938657e-09
8.105948800321775e-09
7.882953767858136e-09
7.665967831920943e-09
7.454832499811534e-09
7.249393367055511e-09
7.049500014418255e-09
6.855005907371269e-09
6.665768298059712e-09
6.481648129672347e-09
6.302509943218855e-09
6.1282217865097495e-09
5.958655125495653e-09
5.793684757718206e-09
5.633188727923043e-09
5.4770482457576e-09
5.325147605541969e-09
5.177374107947724e-09
5.033617983672715e-09
4.893772319029976e-09
4.7577329833237845e-09
4.6253985580324496e-09
4.496670267837914e-09
4.371451913235073e-09
4.249649804925727e-09
4.1311726998052035e-09
4.015931738507751e-09
3.903840384602418e-09
3.794814365183494e-09
3.688771613043374e-09
3.5856322102495756e-09
3.485318333103057e-09
3.3877541985480177e-09
3.2928660118211926e-09
3.2005819155141325e-09
3.1108319398271665e-09
3.0235479541322955e-09
2.938663619694049e-09
2.856114343627432e-09
2.7758372339926197e-09
2.697771055979572e-09
2.62185618928089e-09
2.5480345864353875e-09
2.4762497323032363e-09
2.4064466045147247e-09
2.338571634932054e-09
2.2725726720647e-09
2.2083989444850405e-09
2.1460010250870547e-09
2.085330796316104e-09
2.026341416238859e-09
1.968987285508751e-09
1.913224015122248e-09
1.8590083950195462e-09
1.8062983634646063e-09
1.7550529772459833e-09
1.7052323825565092e-09
1.656797786683763e-09
1.6097114303885323e-09
1.563936560971543e-09
1.5194374060652463e-09
1.4761791480541855e-09
1.434127899168267e-09
1.3932506772102294e-09
1.3535153818765376e-09
1.3148907717326755e-09
1.2773464417185217e-09
1.2408528012754322e-09
1.2053810530097233e-09
1.1709031718958126e-09
1.1373918850369265e-09
1.1048206519178556e-09
1.0731636451827021e-09
1.042395731889182e-09
1.012492455263488e-09
9.834300169077864e-10
9.551852594684933e-10
9.277356497545043e-10
9.01059262289075e-10
8.751347632822514e-10
8.499413950151292e-10
8.25458960633589e-10
8.016678093253832e-10
7.785488218831607e-10
7.560833966467064e-10
7.342534357974651e-10
7.130413320238646e-10
6.92429955501068e-10
6.724026412466216e-10
6.529431767793225e-10
6.340357900990822e-10
6.156651379915903e-10
5.978162946165996e-10
5.80474740411188e-10
5.63626351279825e-10
5.47257388053128e-10
5.313544862252945e-10
5.159046459730081e-10
5.008952224074814e-10
4.863139161109077e-10
4.721487638979851e-10
4.5838812983059755e-10
4.4502069645122006e-10
4.320354562710635e-10
4.194217034624093e-10
4.0716902576238254e-10
3.9526729661588933e-10
3.837066674948389e-10
3.724775604374186e-10
3.6157066077512905e-10
3.5097691005529625e-10
3.406874991483949e-10
3.306938615277274e-10
3.209876667441702e-10
3.115608140527885e-10
3.0240542622863637e-10
2.9351384351803714e-10
2.8487861778275483e-10
2.7649250676493184e-10
2.683484685309378e-10
2.6043965604878674e-10
2.5275941190511593e-10
2.453012631728297e-10
2.380589164142486e-10
2.3102625279961294e-10
2.2419732337908235e-10
2.1756634446411066e-10
2.1112769313597836e-10
2.0487590287352531e-10
1.988056592970473e-10
1.9291179602801486e-10
1.871892906509956e-10
1.8163326079603167e-10
1.7623896031105817e-10
1.710017755485401e-10
1.6591722174422918e-10
1.6098093949482428e-10
1.5618869132360656e-10
1.5153635835560692e-10
1.470199370596732e-10
1.4263553608893375e-10
1.3837937321304904e-10
1.3424777231178842e-10
1.3023716047321035e-10
1.2634406515118343e-10
1.2256511140944812e-10
1.1889701923661456e-10
