0.9880361296
0.9655818522672756
0.9342419727896222
0.8957764003906565
0.8519961619578066
0.8045160246556593
0.7546375586375212
0.7035121740772309
0.6523333714076992
0.6022722821365826
0.554259848677922
0.508888938411153
0.46644666758023007
0.42698490168883974
0.3904809382227783
0.3569605547390132
0.32639412008418256
0.29862046376819823
0.2734166833427784
0.25051667462015503
0.2297076126287665
0.21086461206937795
0.19382006296290863
0.17839513709883267
0.1644014210639307
0.15168410391138434
0.1401524670691815
0.12968624993546563
0.12017793742860872
0.11150863010732591
0.103607277608474
0.0964051363751421
0.08983218635939358
0.08381720294578202
0.07830529051841213
0.07325604325562399
0.0686231645188025
0.06436337930071745
0.06043986839310647
0.056826239721468365
0.05349293288561564
0.05041143082529084
0.047559647034766526
0.044918319628028024
0.042469539331571736
0.040193065310113664
0.038076827978669826
0.03610596949545943
0.03426959371328747
0.03255386048010309
0.03095132393791095
0.02945184092570585
0.02804712241595014
0.026729599816887724
0.0254926359927525
0.024330567594924572
0.023236465277305732
0.022206451002920558
0.021235230397561873
0.020318684876627857
0.019452806795167813
0.018634049708493233
0.017859454946278892
0.017125384213115352
0.016429666160152418
0.015769552116660732
0.015142612990161937
0.014546900352961923
0.013980267857055983
0.013441084428327718
0.012927450847787037
0.012437947726035228
0.011971190904253113
0.011525640219534212
0.0111002674161669
0.0106938387266901
0.010305256446406438
0.009933606681954114
0.009577897159102972
0.009237325354572118
0.008911043818762458
0.0085983153165644
0.008298482428222289
0.008010814044485982
0.007734754994382778
0.007469730781325491
0.007215154146528974
0.00697057232736983
0.006735488189114096
0.006509442096598391
0.00629203879556363
0.006082862581876956
0.005881546949446121
0.005687740025193249
0.005501101927008005
0.005321329062648494
0.005148111929575469
0.004981172732175463
0.004820251893187642
0.004665082292542369
0.0045154331233897595
0.004371078928359499
0.004231792119254257
0.004097376671796314
0.0039676360553176
0.0038423770809747366
0.0037214301377275216
0.00360462414889903
0.003491794534553211
0.0033827927740305024
0.0032774701790653994
0.0031756854847243264
0.0030773078388478784
0.002982207976555155
0.002890263611737616
0.0028013591609623426
0.0027153819926049537
0.002632225430712875
0.002551787273696861
0.0024739690301766996
0.0023986770561902244
0.002325820919020149
0.0022553141324384244
0.0021870740919867574
0.002121020703716469
0.002057077705754221
0.0019951719582155655
0.00193523243099952
0.001877191619164315
0.0018209845705157235
0.0017665481905320595
0.0017138225237063006
0.001662749747170144
0.0016132737131602337
0.001565341016615117
0.0015189000720787142
0.001473900818687973
0.001430295567994499
0.001388038211649613
0.001347084031542722
0.0013073903529610886
0.001268915891531003
0.0012316206291419756
0.0011954663067356894
0.0011604158998372992
0.0011264335350410074
0.0010934848558244476
0.0010615366084895704
0.001030556583782956
0.0010005138844411596
0.0009713786020053531
0.0009431217744304386
0.000915715578585131
0.0008891330799298652
0.0008633482007753195
0.0008383358559459672
0.0008140717599074291
0.0007905324025420026
0.0007676951420328935
0.0007455380567846373
0.0007240399268151998
0.000703180294646463
0.0006829393518759393
0.0006632979249509033
0.000644237512333277
0.0006257401977156521
0.0006077886392944721
0.0005903660895577313
0.0005734563288831167
0.0005570436576131501
0.0005411129033488655
0.0005256493700650631
0.0005106388323948717
0.0004960675341859275
0.0004819221493747408
0.0004681897779573464
0.0004548579386886455
0.0004419145388302193
0.0004293478713414116
0.0004171466039134722
0.0004052997553901528
0.0003937966937708858
0.00038262712322375186
0.00037178106551405995
0.0003612488584723554
0.0003510211421921321
0.0003410888442184686
0.0003314431781983986
0.00032207563011865204
0.00031297794632785444
0.0003041421321532361
0.0002955604387548889
0.00028722535329974943
0.00027912959739384937
0.0002712661149109858
0.00026362806382008265
0.00025620881434288366
0.0002490019379476385
0.00024200120046613633
0.00023520055994017325
0.00022859415684712135
0.00022217630823983652
0.00021594150528912614
0.00020988440472108886
0.00020399982378129829
0.0001982827375136976
0.0001927282713328119
0.00018733169666086468
0.00018208842800564073
0.0001769940165580062
0.00017204414638316305
0.00016723463137173158
0.0001625614097386637
0.00015802054067264563
0.00015360820123728856
0.00014932068164628218
0.00014515438229173658
0.00014110581066774716
0.00013717157730401962
0.00013334839310723268
0.0001296330663694402
0.00012602249925480183
0.00012251368539926456
0.00011910370705355579
0.00011578973203204373
0.00011256901152621883
0.00010943887741808348
0.0001063967396147577
0.00010344008404044318
0.00010056647014257988
9.777352854917699e-05
9.505895921226726e-05
9.242052911724152e-05
8.985607021149127e-05
8.736347767955796e-05
8.494070785627783e-05
8.258577638495362e-05
8.029675661030012e-05
7.807177768869264e-05
7.590902294183691e-05
7.380672835813459e-05
7.176318088834239e-05
6.977671696685533e-05
6.784572111529291e-05
6.596862440893816e-05
6.414390314266101e-05
6.237007753242722e-05
6.064571033664427e-05
5.896940564767415e-05
5.733980768789402e-05
5.575559957002544e-05
5.421550219839392e-05
5.271827315636491e-05
5.126270559048308e-05
4.984762720831146e-05
4.847189925376893e-05
4.7134415501141495e-05
4.5834101338561005e-05
4.45699128272681e-05
4.3340835792971374e-05
4.2145884985895585e-05
4.098410321944746e-05
3.9854560547846626e-05
3.875635349521999e-05
3.768860426867586e-05
3.6650460012517746e-05
3.564109210009255e-05
3.465969541598173e-05
3.370548767835005e-05
3.277770878823265e-05
3.187562017542945e-05
3.099850418164425e-05
3.014566346262554e-05
2.931642039240779e-05
2.851011650085488e-05
2.77261119246106e-05
2.6963784864518828e-05
2.6222531072021775e-05
2.5501763345263944e-05
2.4800911034814387e-05
2.4119419574086724e-05
2.345675001722436e-05
2.2812378588599636e-05
2.2185796253041792e-05
2.1576508292339352e-05
2.098403389437629e-05
2.040790575947324e-05
1.9847669712528413e-05
1.9302884328024348e-05
1.8773120569240225e-05
1.8257961433203576e-05
1.7757001608180545e-05
1.7269847142881706e-05
1.679611512156239e-05
1.633543335094252e-05
1.5887440056854026e-05
1.5451783586976414e-05
1.5028122124455862e-05
1.4616123409697467e-05
1.421546446839038e-05
1.3825831349383012e-05
1.3446918869535817e-05
1.3078430364863994e-05
1.2720077450469995e-05
1.2371579786573278e-05
1.203266485075201e-05
1.1703067717974956e-05
1.1382530846066009e-05
1.1070803867202725e-05
1.0767643386283342e-05
1.0472812784229292e-05
1.0186082027052721e-05
9.907227480970015e-06
9.636031732070995e-06
9.372283411416993e-06
9.11577702546781e-06
8.866312790758677e-06
8.623696473630305e-06
8.387739234670725e-06
8.158257477150271e-06
7.935072700108804e-06
7.718011355637864e-06
7.50690470991633e-06
7.301588708505693e-06
7.101903845394751e-06
6.907695035580104e-06
6.718811491515139e-06
6.5351066029461234e-06
6.356437820057168e-06
6.182666540124604e-06
6.013657997246927e-06
5.849281155163361e-06
5.6894086032470525e-06
5.533916455309477e-06
5.382684251274381e-06
5.235594861724567e-06
5.0925343950255096e-06
4.953392107110626e-06
4.818060313860572e-06
4.686434305861482e-06
4.55841226561338e-06
4.433895187091375e-06
4.312786797503387e-06
4.194993481298679e-06
4.080424206314471e-06
3.968990451951667e-06
3.860606139412997e-06
3.7551875638902536e-06
3.652653328625021e-06
3.5529242808558746e-06
3.4559234495474747e-06
3.36157598484593e-06
3.2698090992627468e-06
3.1805520104852574e-06
3.0937358857817675e-06
3.009293787985613e-06
2.9271606229689957e-06
2.8472730885876e-06
2.7695696250667944e-06
2.6939903667559358e-06
2.620477095236048e-06
2.548973193745311e-06
2.479423602860876e-06
2.411774777426229e-06
2.3459746446820784e-06
2.2819725635545707e-06
2.219719285085483e-06
2.1591669139657617e-06
2.1002688711317876e-06
2.0429798574115003e-06
1.9872558181797815e-06
1.933053908993031e-06
1.880332462185608e-06
1.8290509543921368e-06
1.7791699749698815e-06
1.7306511953046025e-06
1.6834573389642313e-06
1.6375521526820287e-06
1.5929003781478072e-06
1.5494677245796464e-06
1.5072208420570533e-06
1.4661272955955106e-06
1.4261555399374937e-06
1.3872748950439779e-06
1.3494555222657383e-06
1.3126684011730221e-06
1.276885307028538e-06
1.2420787888847918e-06
1.2082221482861356e-06
1.1752894185618403e-06
1.143255344691983e-06
1.1120953637297861e-06
1.0817855857663625e-06
1.0523027754215131e-06
1.0236243338461928e-06
9.957282812225558e-07
9.685932397481553e-07
9.421984170890415e-07
9.165235902917124e-07
8.915490901379768e-07
8.672557859325523e-07
8.43625070710137e-07
8.206388468518256e-07
7.982795120969377e-07
7.765299459421993e-07
7.553734964152249e-07
7.347939672132336e-07
7.147756051962487e-07
6.953030882250342e-07
6.763615133342553e-07
6.579363852324007e-07
6.400136051169178e-07
6.225794597991204e-07
6.056206111275591e-07
5.891240857035542e-07
5.730772648791173e-07
5.574678750304814e-07
5.422839780997038e-07
5.275139623963085e-07
5.13146533651885e-07
4.991707063210295e-07
4.855757951217133e-07
4.723514068076772e-07
4.594874321680229e-07
4.469740382460166e-07
4.34801660772142e-07
4.229609968050722e-07
4.114429975750392e-07
4.002388615233239e-07
3.8934002753395915e-07
3.787381683503679e-07
3.6842518417355284e-07
3.58393196435545e-07
3.4863454174429767e-07
3.3914176599460176e-07
3.299076186408412e-07
3.209250471265116e-07
3.1218719146728454e-07
3.0368737898217113e-07
2.9541911916957966e-07
2.8737609872399337e-07
2.7955217668889676e-07
2.7194137974322717e-07
2.6453789761669034e-07
2.5733607863106375e-07
2.5033042536362505e-07
2.4351559042943654e-07
2.3688637237954558e-07
2.304377117108738e-07
2.2416468698666378e-07
2.1806251106192513e-07
2.121265274133888e-07
2.063522065693694e-07
2.0073514263770113e-07
1.9527104992872088e-07
1.899557596707798e-07
1.847852168155823e-07
1.7975547693130268e-07
1.7486270318035984e-07
1.7010316338034371e-07
1.6547322714532308e-07
1.609693631049951e-07
1.5658813620063666e-07
1.5232620505451876e-07
1.481803194114758e-07
1.4414731765070245e-07
1.4022412436532168e-07
1.3640774800834084e-07
1.326952786030409e-07
1.2908388551580844e-07
1.2557081529012435e-07
1.2215338953975116e-07
1.1882900289938312e-07
1.1559512103145016e-07
1.1244927868748421e-07
1.0938907782239841e-07
1.0641218576038914e-07
1.0351633341094542e-07
1.0069931353354837e-07
9.795897905009402e-08
9.529324140295212e-08
9.270006895857175e-08
9.017748545399809e-08
8.772356848628306e-08
8.533644804320293e-08
8.301430507390763e-08
8.075537009858273e-08
7.855792185648693e-08
7.642028599045245e-08
7.434083376761439e-08
7.231798083499398e-08
7.035018600907138e-08
6.843595009848355e-08
6.657381475866353e-08
6.47623613781749e-08
6.300020999493538e-08
6.128601824241085e-08
5.96184803245318e-08
5.799632601838296e-08
5.641831970443259e-08
5.4883259422997106e-08
5.338997595651356e-08
5.193733193693316e-08
5.052422097749179e-08
4.914956682799492e-08
4.781232255346079e-08
4.65114697348274e-08
4.524601769183484e-08
4.401500272674645e-08
4.281748738908023e-08
4.1652559760092484e-08
4.051933275694057e-08
3.9416943455832514e-08
3.8344552433515294e-08
3.730134312702962e-08
3.628652121046476e-08
3.5299313989188496e-08
3.433896981025429e-08
3.340475748913317e-08
3.2495965751855045e-08
3.161190269259287e-08
3.0751895245859075e-08
2.991528867324391e-08
2.9101446064023515e-08
2.8309747849432365e-08
2.753959133021823e-08
2.6790390217079975e-08
2.6061574183540375e-08
2.535258843114393e-08
2.4662893266376694e-08
2.3991963689268973e-08
2.3339288993064604e-08
2.270437237493217e-08
2.2086730557187045e-08
2.1485893418904512e-08
2.0901403637539696e-08
2.033281634035478e-08
1.977969876531419e-08
1.9241629931207752e-08
1.871820031683906e-08
1.8209011548857486e-08
1.77136760981977e-08
1.7231816984701125e-08
1.6763067489867857e-08
1.630707087735572e-08
1.5863480121203055e-08
1.543195764133961e-08
1.5012175046361477e-08
1.4603812883354697e-08
1.4206560394469219e-08
1.3820115280161662e-08
1.3444183468857206e-08
1.3078478892921372e-08
1.2722723270736077e-08
1.2376645894670006e-08
1.2039983424900868e-08
1.1712479688778345e-08
1.139388548566424e-08
1.10839583971631e-08
1.0782462602427602e-08
1.0489168698540626e-08
1.0203853525825483e-08
9.92629999780871e-09
9.656296935948107e-09
9.39363890873117e-09
9.138126075269532e-09
8.889564033092453e-09
8.647763670089275e-09
8.412541020493772e-09
8.183717124791761e-09
7.961117893444303e-09
7.744573974334838e-09
7.533920623777614e-09
7.328997581110257e-09
7.129648946629432e-09
6.9357230629222555e-09
6.747072399359272e-09
6.563553439793695e-09
6.385026573278255e-09
6.211355987770583e-09
6.042409566727602e-09
5.878058788550749e-09
5.7181786287013815e-09
5.562647464555297e-09
5.411346982774474e-09
5.264162089274932e-09
5.12098082159515e-09
4.981694263661021e-09
4.846196462887883e-09
4.7143843495013145e-09
4.586157658131036e-09
4.461418851424511e-09
4.340073045865498e-09
4.222027939498584e-09
4.107193741715822e-09
3.995483104900327e-09
3.8868110579224965e-09
3.78109494149959e-09
3.6782543452520105e-09
3.5782110465373745e-09
3.4808889508844005e-09
3.3862140341096074e-09
3.294114285945276e-09
3.2045196552832203e-09
3.1173619968093298e-09
3.0325750191772606e-09
2.950094234572309e-09
2.86985690959898e-09
2.7918020175563626e-09
2.715870192013823e-09
2.6420036816048446e-09
2.5701463061102007e-09
2.5002434136897956e-09
2.4322418392928605e-09
2.3660898642242516e-09
2.301737176755579e-09
2.239134833881086e-09
2.178235224047551e-09
2.1189920309411947e-09
2.061360198239724e-09
2.0052958953268924e-09
1.950756483955369e-09
1.897700485796636e-09
1.8460875508839759e-09
1.7958784269091233e-09
1.7470349293498095e-09
1.6995199124429536e-09
1.6532972409045706e-09
1.608331762434546e-09
1.5645892809787798e-09
1.5220365307245458e-09
1.4806411507660134e-09
1.4403716605057767e-09
1.4011974357025815e-09
1.363088685161245e-09
1.3260164280806798e-09
1.2899524719955264e-09
1.2548693913465032e-09
1.220740506599765e-09
1.1875398639517253e-09
1.1552422156044514e-09
1.123823000527634e-09
1.0932583258019312e-09
1.0635249484330567e-09
1.0346002576676243e-09
1.0064622577971064e-09
9.790895514306395e-10
9.524613232035203e-10
9.265573239596861e-10
9.013578553387957e-10
8.768437547955053e-10
8.529963810294976e-10
8.297975997881965e-10
8.072297700917227e-10
7.852757308091357e-10
7.63918787594202e-10
7.431427002015145e-10
7.229316701257984e-10
7.032703285914844e-10
6.841437248494483e-10
6.655373148235086e-10
6.47436950035161e-10
6.298288668446505e-10
6.126996759879842e-10
5.960363523820316e-10
5.798262252325063e-10
5.64056968381049e-10
5.487165909442119e-10
5.337934281844881e-10
5.19276132640774e-10
5.051536654958393e-10
4.91415288191366e-10
4.78050554242256e-10
4.6504930130919514e-10
4.5240164345380773e-10
4.400979636364581e-10
4.2812890639258925e-10
4.164853707119581e-10
4.0515850312934085e-10
3.9413969098530333e-10
3.8342055587566037e-10
3.7299294727978733e-10
3.628489363620035e-10
3.5298080994003157e-10
3.4338106462899786e-10
3.340424011150906e-10
3.2495771862551214e-10
3.161201095170097e-10
3.07522854021103e-10
2.991594151411875e-10
2.910234336768581e-10
2.8310872338667585e-10
2.7540926628370626e-10
2.679192080667342e-10
2.606328536559948e-10
2.5354466286987063e-10
2.466492462103237e-10
2.3994136076388766e-10
2.334159062168051e-10
2.2706792097184123e-10
2.208925783778224e-10
2.1488518305707878e-10
2.0904116734279054e-10
2.0335608779411242e-10
1.9782562182564725e-10
1.9244556441494708e-10
1.872118249093611e-10
1.8212042391142883e-10
1.771674902549831e-10
1.7234925805975152e-10
1.6766206387176986e-10
1.6310234387224213e-10
1.5866663116817417e-10
1.5435155316269725e-10
1.5015382898025595e-10
1.460702669818383e-10
1.4209776232866726e-10
1.3823329462854037e-10
1.3447392563560562e-10
1.3081679701552253e-10
1.2725912817522324e-10
1.237982141442558e-10
1.20431423522483e-10
